A = [29 34 -10; 34 41 -12; -10 -12 24];
b = [1; 2; 3];
